1
3
7
9
13
17
19
20
21
22
23
24
25
26
33
37
42
53
79
80
81
82
88
100
106
110
111
113
119
135
139
143
144
161
179
199
222
254
255
264
280
311
389
407
427
443
444
445
464
465
497
500
512
513
514
515
543
544
548
554
563
587
593
625
631
636
646
787
808
873
888
902
990
992
993
995
999
1000
1022
1023
1024
1025
1026
1027
1028
1029
1030
1031
1032
1033
1034
1035
1036
1037
1038
1039
1040
1041
1042
1043
1044
1048
1049
1050
1053
1054
1056
1058
1059
1064
1065
1066
1068
1069
1071
1074
1080
1110
1111
1218
1234
1352
1433
1494
1521
1700
1717
1720
1723
1755
1761
1801
1900
1935
1998
2000
2001
2002
2003
2004
2005
2006
2007
2008
2009
2010
2049
2065
2103
2105
2107
2121
2161
2301
2383
2401
2601
2602
2604
2701
2717
2869
2967
3000
3001
3052
3128
3260
3268
3269
3306
3333
3389
3689
3690
3703
3986
4000
4001
4002
4045
4444
4662
4899
5000
5001
5002
5003
5009
5050
5051
5060
5100
5101
5120
5190
5357
5432
5550
5555
5631
5666
5800
5801
5900
5901
6000
6001
6002
6004
6112
6543
6646
6666
7000
7001
7019
7070
7100
7937
7938
8000
8002
8008
8009
8010
8031
8080
8081
8082
8443
8888
9000
9001
9090
9100
9102
9535
9999
10000
10001
10010
15000
32768
32770
32771
32772
42510
49152
49153
49154
49155
49156
49157
50000
50001
