1
3
4
6
7
9
13
17
19
20
21
22
23
24
25
26
30
33
37
42
49
53
79
80
81
82
83
85
88
90
100
106
110
111
113
119
135
139
143
144
146
161
163
179
199
211
222
254
255
264
280
306
311
340
366
389
407
427
443
444
445
464
465
497
500
512
513
514
515
541
543
544
548
554
563
587
593
625
631
636
646
648
705
711
787
800
808
873
880
888
900
901
902
912
987
990
992
993
995
999
1000
1002
1022
1023
1024
1025
1026
1027
1028
1029
1030
1031
1032
1033
1034
1035
1036
1037
1038
1039
1040
1041
1042
1043
1044
1045
1046
1047
1048
1049
1050
1051
1052
1053
1054
1055
1056
1057
1058
1059
1060
1061
1062
1063
1064
1065
1066
1067
1068
1069
1070
1071
1072
1073
1074
1075
1077
1078
1079
1080
1081
1082
1083
1085
1086
1088
1093
1094
1096
1097
1098
1099
1100
1104
1106
1107
1108
1110
1111
1148
1169
1218
1234
1248
1272
1310
1311
1352
1433
1494
1500
1501
1503
1521
1666
1687
1700
1717
1718
1720
1723
1755
1761
1783
1801
1840
1863
1864
1900
1935
1947
1998
2000
2001
2002
2003
2004
2005
2006
2007
2008
2009
2010
2030
2049
2065
2100
2103
2105
2107
2119
2121
2135
2144
2160
2161
2190
2222
2260
2301
2381
2383
2399
2401
2492
2500
2525
2601
2602
2604
2605
2607
2701
2702
2717
2718
2809
2811
2869
2875
2967
3000
3001
3005
3017
3031
3052
3071
3128
3211
3260
3268
3269
3283
3300
3301
3306
3323
3325
3333
3351
3367
3389
3404
3476
3551
3580
3659
3689
3690
3703
3766
3784
3801
3827
3986
3998
4000
4001
4002
4003
4045
4126
4129
4242
4443
4444
4449
4662
4899
5000
5001
5002
5003
5004
5009
5030
5050
5051
5060
5100
5101
5102
5120
5190
5214
5222
5225
5226
5269
5357
5414
5431
5432
5500
5550
5555
5566
5631
5633
5666
5679
5718
5800
5801
5810
5825
5877
5900
5901
5902
5910
5911
5925
5959
5960
5961
5962
5987
5988
5989
6000
6001
6002
6004
6005
6059
6101
6112
6123
6129
6156
6389
6543
6580
6646
6666
6667
6788
6789
6881
6901
6969
7000
7001
7019
7070
7100
7106
7200
7625
7627
7741
7777
7778
7911
7937
7938
8000
8001
8002
8007
8008
8009
8010
8021
8031
8080
8081
8082
8083
8084
8085
8086
8087
8088
8089
8181
8192
8193
8194
8222
8291
8333
8400
8402
8443
8600
8649
8651
8652
8701
8873
8888
8899
8994
9000
9001
9002
9009
9010
9011
9050
9071
9080
9090
9100
9101
9102
9207
9220
9290
9415
9485
9500
9502
9503
9535
9593
9594
9595
9618
9876
9900
9968
9999
10000
10001
10010
10243
12000
12345
13782
13783
14238
15000
16992
16993
20005
20828
23502
27000
32768
32769
32770
32771
32772
32773
32774
32775
33354
35500
42510
45100
49152
49153
49154
49155
49156
49157
49999
50000
50001
51103
52822
52869
55555
55600
64623
64680
65000
65389
