1
3
4
6
7
9
13
17
19
20
21
22
23
24
25
26
27
30
32
33
37
42
43
49
53
55
57
59
70
77
79
80
81
82
83
84
85
86
87
88
89
90
98
99
100
102
106
109
110
111
113
119
123
125
127
135
139
143
144
146
157
161
163
179
199
210
211
212
220
222
223
225
250
251
252
254
255
256
257
259
264
280
301
306
311
333
340
366
388
389
406
407
411
416
417
419
425
427
441
442
443
444
445
447
458
464
465
475
481
497
500
502
512
513
514
515
523
524
540
541
543
544
545
548
554
555
556
557
563
587
593
600
602
606
610
616
617
621
623
625
631
636
639
641
646
648
655
657
659
660
666
667
668
669
674
683
684
687
690
691
700
701
705
709
710
711
713
714
715
720
722
725
726
728
729
730
731
732
740
748
749
754
757
758
765
777
778
780
782
783
786
787
790
792
795
800
801
802
803
805
806
808
822
823
825
829
839
840
843
846
856
859
862
864
873
874
878
880
888
898
900
901
902
903
904
905
911
912
913
918
921
922
924
928
930
931
943
953
969
971
980
981
987
990
992
993
995
996
998
999
1000
1001
1002
1004
1005
1006
1007
1008
1009
1010
1011
1012
1013
1014
1015
1020
1021
1022
1023
1024
1025
1026
1027
1028
1029
1030
1031
1032
1033
1034
1035
1036
1037
1038
1039
1040
1041
1042
1043
1044
1045
1046
1047
1048
1049
1050
1051
1052
1053
1054
1055
1056
1057
1058
1059
1060
1061
1062
1063
1064
1065
1066
1067
1068
1069
1070
1071
1072
1073
1074
1075
1076
1077
1078
1079
1080
1081
1082
1083
1084
1085
1086
1087
1088
1089
1090
1091
1092
1093
1094
1095
1096
1097
1098
1099
1100
1101
1102
1103
1104
1105
1106
1107
1108
1109
1110
1111
1112
1113
1114
1116
1117
1118
1119
1121
1122
1123
1124
1125
1126
1127
1128
1130
1131
1132
1134
1135
1136
1137
1138
1141
1143
1144
1145
1147
1148
1149
1150
1151
1152
1153
1154
1156
1157
1158
1159
1162
1163
1164
1165
1166
1167
1168
1169
1173
1174
1175
1176
1179
1180
1182
1183
1184
1185
1186
1187
1188
1190
1191
1192
1194
1195
1196
1198
1199
1200
1201
1204
1207
1208
1209
1210
1211
1212
1213
1215
1216
1217
1218
1220
1221
1222
1223
1228
1229
1233
1234
1236
1239
1240
1241
1243
1244
1247
1248
1249
1250
1251
1259
1261
1262
1264
1268
1270
1271
1272
1276
1277
1279
1282
1287
1290
1291
1296
1297
1299
1300
1301
1302
1303
1305
1306
1307
1308
1309
1310
1311
1314
1315
1316
1317
1318
1319
1321
1322
1324
1327
1328
1330
1331
1334
1336
1337
1339
1340
1347
1350
1351
1352
1353
1357
1413
1414
1417
1433
1434
1443
1455
1461
1494
1500
1501
1503
1516
1521
1522
1524
1525
1526
1533
1547
1550
1556
1558
1559
1560
1565
1566
1569
1580
1583
1584
1592
1594
1598
1600
1605
1607
1615
1620
1622
1632
1635
1638
1641
1645
1658
1666
1677
1683
1687
1688
1691
1694
1699
1700
1701
1703
1707
1708
1709
1711
1712
1713
1715
1717
1718
1719
1720
1721
1722
1723
1730
1735
1736
1745
1750
1752
1753
1755
1761
1782
1783
1791
1792
1799
1800
1801
1805
1806
1807
1808
1811
1812
1823
1825
1835
1839
1840
1858
1861
1862
1863
1864
1871
1875
1883
1900
1901
1911
1912
1914
1918
1924
1927
1935
1947
1954
1958
1971
1972
1973
1974
1975
1976
1981
1984
1998
1999
2000
2001
2002
2003
2004
2005
2006
2007
2008
2009
2010
2011
2012
2013
2020
2021
2022
2025
2030
2031
2033
2034
2035
2038
2040
2041
2042
2043
2044
2045
2046
2047
2048
2049
2062
2065
2067
2068
2069
2070
2080
2081
2082
2083
2086
2087
2095
2096
2099
2100
2101
2103
2104
2105
2106
2107
2111
2112
2115
2119
2121
2124
2126
2134
2135
2142
2144
2148
2150
2160
2161
2170
2179
2187
2190
2191
2196
2197
2200
2201
2203
2222
2224
2232
2241
2250
2251
2253
2260
2261
2262
2265
2269
2270
2271
2280
2288
2291
2292
2300
2301
2302
2304
2312
2313
2323
2325
2326
2330
2335
2340
2366
2371
2372
2375
2376
2381
2382
2383
2391
2393
2394
2399
2401
2418
2425
2433
2435
2436
2438
2439
2449
2456
2463
2472
2492
2500
2501
2505
2522
2525
2531
2532
2550
2551
2557
2558
2567
2580
2583
2584
2598
2600
2601
2602
2604
2605
2606
2607
2608
2622
2623
2628
2631
2638
2644
2691
2700
2701
2702
2706
2710
2711
2712
2717
2718
2723
2725
2728
2734
2800
2804
2806
2809
2811
2812
2847
2850
2869
2875
2882
2888
2889
2898
2901
2902
2903
2908
2909
2910
2920
2930
2957
2958
2967
2968
2973
2984
2987
2988
2991
2997
2998
3000
3001
3002
3003
3005
3006
3007
3011
3013
3014
3017
3023
3025
3030
3031
3050
3052
3057
3062
3063
3071
3077
3080
3089
3102
3103
3118
3119
3121
3128
3146
3162
3167
3168
3190
3200
3210
3211
3220
3221
3240
3260
3261
3263
3268
3269
3280
3281
3283
3291
3299
3300
3301
3304
3306
3307
3310
3311
3319
3322
3323
3324
3325
3333
3334
3351
3362
3363
3365
3367
3368
3369
3370
3371
3372
3374
3376
3388
3389
3390
3396
3399
3400
3404
3410
3414
3415
3419
3425
3430
3439
3443
3456
3476
3479
3483
3485
3486
3493
3497
3503
3505
3506
3511
3513
3514
3515
3517
3519
3520
3526
3527
3530
3532
3546
3551
3577
3580
3586
3599
3600
3602
3603
3621
3622
3632
3636
3637
3652
3653
3656
3658
3659
3663
3669
3670
3672
3680
3681
3683
3684
3689
3690
3697
3700
3703
3712
3728
3731
3737
3742
3749
3765
3766
3784
3787
3788
3790
3792
3793
3795
3796
3798
3799
3800
3801
3803
3806
3808
3809
3810
3811
3812
3813
3814
3817
3820
3823
3824
3825
3826
3827
3828
3830
3831
3837
3839
3842
3846
3847
3848
3849
3850
3851
3852
3853
3856
3859
3860
3863
3868
3869
3870
3871
3872
3876
3878
3879
3880
3882
3888
3889
3890
3897
3899
3901
3902
3904
3905
3906
3907
3908
3909
3911
3913
3914
3915
3916
3918
3919
3920
3922
3923
3928
3929
3930
3931
3935
3936
3937
3940
3941
3943
3944
3945
3946
3948
3949
3952
3956
3957
3961
3962
3963
3964
3967
3968
3969
3971
3972
3975
3979
3980
3981
3982
3983
3986
3989
3990
3991
3992
3993
3994
3995
3996
3997
3998
3999
4000
4001
4002
4003
4004
4005
4006
4007
4009
4010
4016
4020
4022
4024
4025
4029
4035
4036
4039
4040
4045
4056
4058
4065
4080
4087
4090
4096
4100
4101
4111
4112
4113
4118
4119
4120
4121
4125
4126
4129
4135
4141
4143
4147
4158
4161
4164
4174
4190
4192
4200
4206
4220
4224
4234
4242
4243
4252
4262
4279
4294
4297
4298
4300
4302
4321
4325
4328
4333
4342
4343
4355
4356
4357
4358
4369
4374
4375
4376
4384
4388
4401
4407
4414
4415
4418
4430
4433
4442
4443
4444
4445
4446
4447
4449
4454
4464
4471
4476
4516
4517
4530
4534
4545
4550
4555
4558
4559
4567
4570
4599
4600
4601
4602
4606
4609
4644
4649
4658
4662
4665
4687
4689
4700
4712
4713
4745
4760
4767
4770
4771
4778
4793
4800
4819
4848
4859
4860
4875
4876
4877
4881
4899
4900
4903
4912
4931
4949
4998
4999
5000
5001
5002
5003
5004
5005
5009
5010
5011
5012
5013
5014
5015
5016
5017
5020
5021
5023
5030
5033
5040
5050
5051
5052
5053
5054
5055
5060
5061
5063
5066
5070
5074
5080
5081
5087
5088
5090
5095
5096
5098
5100
5101
5102
5111
5114
5120
5121
5122
5125
5133
5137
5147
5151
5152
5190
5200
5201
5202
5212
5214
5219
5221
5222
5223
5225
5226
5233
5234
5235
5242
5250
5252
5259
5261
5269
5279
5280
5291
5298
5339
5347
5353
5357
5370
5377
5405
5414
5423
5431
5432
5433
5440
5441
5442
5444
5457
5458
5473
5475
5500
5501
5502
5510
5520
5544
5550
5552
5553
5554
5555
5557
5560
5566
5580
5581
5611
5612
5620
5621
5622
5631
5633
5665
5666
5667
5672
5678
5679
5680
5711
5718
5721
5722
5723
5730
5732
5734
5737
5800
5801
5802
5803
5804
5806
5807
5808
5810
5811
5812
5814
5815
5817
5818
5820
5821
5822
5823
5824
5825
5826
5827
5831
5834
5836
5838
5839
5840
5845
5848
5849
5850
5852
5853
5854
5858
5859
5860
5862
5868
5869
5871
5874
5877
5899
5900
5901
5902
5903
5904
5905
5906
5907
5909
5910
5911
5914
5915
5918
5922
5925
5938
5940
5950
5952
5959
5960
5961
5962
5963
5968
5981
5987
5988
5989
5998
5999
6000
6001
6002
6003
6004
6005
6006
6007
6008
6009
6017
6025
6050
6051
6059
6060
6068
6100
6101
6103
6106
6112
6123
6129
6156
6203
6222
6247
6346
6389
6481
6500
6502
6504
6510
6520
6543
6547
6550
6565
6566
6567
6580
6600
6646
6662
6666
6667
6668
6669
6670
6689
6692
6699
6711
6732
6779
6788
6789
6792
6839
6881
6896
6901
6969
7000
7001
7002
7003
7004
7007
7010
7019
7024
7025
7050
7051
7070
7080
7100
7103
7106
7123
7200
7201
7241
7272
7278
7281
7402
7435
7438
7443
7496
7512
7625
7627
7676
7725
7741
7744
7749
7770
7777
7778
7800
7878
7900
7911
7913
7920
7921
7929
7937
7938
7999
8000
8001
8002
8007
8008
8009
8010
8011
8015
8016
8019
8021
8022
8031
8042
8045
8050
8080
8081
8082
8083
8084
8085
8086
8087
8088
8089
8090
8093
8095
8097
8098
8099
8100
8118
8180
8181
8189
8192
8193
8194
8200
8222
8254
8290
8291
8292
8293
8294
8300
8333
8383
8385
8400
8402
8443
8481
8500
8540
8600
8648
8649
8651
8652
8654
8675
8676
8686
8701
8765
8766
8800
8873
8877
8888
8889
8899
8987
8994
8996
9000
9001
9002
9003
9009
9010
9011
9040
9050
9071
9080
9081
9090
9091
9098
9099
9100
9101
9102
9103
9110
9111
9152
9191
9197
9198
9200
9207
9220
9290
9409
9415
9418
9443
9444
9485
9500
9501
9502
9503
9535
9575
9593
9594
9595
9600
9618
9621
9643
9666
9673
9815
9876
9877
9878
9898
9900
9914
9917
9929
9941
9943
9944
9968
9988
9992
9998
9999
10000
10001
10002
10003
10004
10005
10008
10009
10010
10011
10012
10022
10023
10024
10025
10034
10058
10082
10083
10160
10180
10215
10243
10566
10616
10617
10621
10626
10628
10629
10778
10873
11110
11111
11967
12000
12006
12021
12059
12174
12215
12262
12265
12345
12346
12380
12452
13456
13722
13724
13782
13783
14000
14238
14441
14442
15000
15001
15002
15003
15004
15402
15660
15742
16000
16001
16012
16016
16018
16080
16113
16705
16800
16851
16992
16993
17595
17877
17988
18000
18018
18040
18101
18264
18988
19101
19283
19315
19350
19780
19801
19842
19900
20000
20002
20005
20031
20221
20222
20828
21571
21792
22222
22939
23052
23502
23796
24444
24800
25734
25735
26000
26214
26470
27000
27352
27353
27355
27356
27357
27715
28201
28211
29672
29831
30000
30005
30704
30718
30951
31038
31337
31727
32768
32769
32770
32771
32772
32773
32774
32775
32776
32777
32778
32779
32780
32781
32782
32783
32784
32785
32791
32792
32803
32816
32822
32835
33354
33453
33554
33899
34571
34572
34573
35500
35513
37839
38037
38185
38188
38292
39136
39376
39659
40000
40193
40811
40911
41064
41511
41523
42510
44176
44334
44442
44443
44501
44709
45100
46200
46996
47544
48080
49152
49153
49154
49155
49156
49157
49158
49159
49160
49161
49163
49164
49165
49167
49168
49171
49175
49176
49186
49195
49236
49400
49401
49999
50000
50001
50002
50003
50006
50050
50300
50389
50500
50636
50800
51103
51191
51413
51493
52660
52673
52710
52735
52822
52847
52848
52849
52850
52851
52853
52869
53211
53313
53314
53535
54045
54328
55020
55055
55056
55555
55576
55600
56737
56738
57294
57665
57797
58001
58002
58080
58630
58632
58838
59110
59200
59201
59202
60020
60123
60146
60443
60642
61532
61613
61900
62078
63331
64623
64680
65000
65129
65310
65389
